117 0.26895752895752895 0.27170103092783504 0.14814671814671815 0.08896907216494847
117 0.7453667953667954 0.2655154639175258 0.14652509652509654 0.08484536082474227
117 0.24471042471042473 0.5907731958762886 0.15216216216216216 0.07139175257731958
117 0.7433590733590734 0.5930412371134021 0.1455984555984556 0.08010309278350515
117 0.25305019305019305 0.9174742268041237 0.15030888030888032 0.08149484536082474
117 0.7533976833976834 0.932319587628866 0.1502316602316602 0.07819587628865979
10 0.0455984555984556 0.1095360824742268 0.0783011583011583 0.16752577319587628
10 0.047181467181467186 0.780360824742268 0.07938223938223937 0.1660824742268041
10 0.54 0.779639175257732 0.08042471042471042 0.16752577319587628
10 0.5378764478764478 0.11814432989690722 0.08042471042471042 0.17041237113402063
10 0.538918918918919 0.4503092783505155 0.06756756756756757 0.1531958762886598
15 0.14907335907335906 0.11170103092783507 0.07077220077220077 0.15175257731958763
15 0.12710424710424711 0.4467525773195876 0.07401544401544402 0.16324742268041237
15 0.1377992277992278 0.7810824742268041 0.07613899613899613 0.1618041237113402
15 0.6316988416988417 0.11886597938144329 0.06864864864864866 0.15463917525773196
15 0.6263320463320463 0.4467525773195876 0.06864864864864866 0.15463917525773196
15 0.637065637065637 0.7781958762886598 0.07938223938223937 0.1531958762886598
7 0.30833976833976834 0.11309278350515464 0.06756756756756757 0.16324742268041237
7 0.746988416988417 0.11670103092783506 0.06328185328185329 0.1618041237113402
7 0.8172586872586872 0.1145360824742268 0.05791505791505792 0.16036082474226804
8 0.38501930501930504 0.1095360824742268 0.07077220077220077 0.15891752577319587
8 0.74003861003861 0.44603092783505155 0.06436293436293437 0.16752577319587628
8 0.8161776061776062 0.4453092783505155 0.06007722007722008 0.1660824742268041
8 0.8993050193050193 0.784639175257732 0.0654054054054054 0.1575257731958763
8 0.9679150579150579 0.7831958762886598 0.05683397683397683 0.15175257731958763
9 0.46065637065637066 0.11309278350515464 0.06328185328185329 0.1660824742268041
9 0.8933976833976833 0.11670103092783506 0.07505791505791506 0.1618041237113402
9 0.9674131274131275 0.11309278350515464 0.05791505791505792 0.1431958762886598
9 0.24722007722007722 0.778917525773196 0.06756756756756757 0.1431958762886598
9 0.31961389961389963 0.7731958762886598 0.06436293436293437 0.1489175257731959
5 0.24185328185328187 0.4388659793814433 0.08042471042471042 0.15608247422680413
5 0.3935907335907336 0.43597938144329895 0.07505791505791506 0.17041237113402063
5 0.886949806949807 0.43742268041237115 0.06436293436293437 0.1531958762886598
5 0.9636293436293437 0.44458762886597936 0.0654054054054054 0.16463917525773197
4 0.31745173745173744 0.441701030927835 0.07293436293436294 0.1618041237113402
4 0.4703088803088803 0.4431443298969072 0.06111969111969112 0.15608247422680413
1 0.39413127413127413 0.7717525773195876 0.050424710424710424 0.1489175257731959
1 0.4638610038610039 0.7724742268041238 0.04826254826254826 0.1531958762886598
3 0.7486100386100386 0.7825257731958764 0.06864864864864866 0.1618041237113402
3 0.8269111969111969 0.783917525773196 0.07293436293436294 0.1618041237113402