4 0.7337662337662337 0.4424778761061947 0.11688311688311688 0.4690265486725664
8 0.8733766233766234 0.43805309734513276 0.12337662337662338 0.4690265486725664
7 0.4707792207792208 0.3407079646017699 0.11038961038961038 0.25663716814159293
7 0.11038961038961038 0.4336283185840708 0.1038961038961039 0.4247787610619469
2 0.6006493506493507 0.40707964601769914 0.11038961038961038 0.3893805309734513
7 0.4707792207792208 0.36283185840707965 0.11038961038961038 0.3008849557522124
2 0.6006493506493507 0.42920353982300885 0.11688311688311688 0.415929203539823
7 0.11038961038961038 0.3893805309734513 0.1038961038961039 0.336283185840708
7 0.4707792207792208 0.38495575221238937 0.11038961038961038 0.34513274336283184
2 0.2435064935064935 0.42920353982300885 0.11688311688311688 0.415929203539823
7 0.11038961038961038 0.3672566371681416 0.1038961038961039 0.2920353982300885
110 0.4955194805194805 0.8443362831858406 0.6219480519480519 0.20194690265486726