91 0.513578125 0.358625 0.203203125 0.117234375
91 0.51825 0.7751718750000001 0.25421875 0.143046875
10 0.26949999999999996 0.169921875 0.100171875 0.182046875
10 0.24559375 0.578453125 0.109484375 0.174578125
15 0.38303125 0.169921875 0.10489062499999999 0.18357812499999998
15 0.36796875 0.577203125 0.09328125000000001 0.17515624999999999
2 0.543484375 0.174609375 0.086125 0.19296875
2 0.543421875 0.5779375 0.09525 0.170453125
8 0.625609375 0.17546875 0.071234375 0.193125
8 0.7966249999999999 0.176609375 0.07978125 0.198515625
8 0.64015625 0.57775 0.08334375000000001 0.17009375
8 0.827359375 0.577140625 0.090265625 0.16729687499999998
5 0.733015625 0.580671875 0.089953125 0.1759375
5 0.71178125 0.176515625 0.08146875 0.19523437500000002